% Representación de un robot RRRRRR con muñeca en línea.

%BX200X

%  alpha    a    d    theta tipo  xi  yi  zi  xf  yf  zf   R   G   B
r2=[   0    0    0     0     0    0   0   0   0   0   0    1   0   1;
    pi/2   210  670    0     0  -210 -670 0   0   0   0    0   1   1;
   0   sqrt((1370)^(2)+(185^2))  0    pi/2    0  -sqrt((1370)^(2)+(185^2))  0   0   0   0   0    0   0  0.9;
   pi/2   0    0   0   0    0   0   0   0   0  0   0   1   0;
  pi/2     0     1950    0     0    0  -1950  0   0   0   0    1   0   0
   pi/2     0    0     0     0    0   0   0   0   0  100  0.5 0.5  0;
     0      0   245    0     0    0   0 -245  0   0   0   0.6 0.5 0.8];